Temperature (C),Humidity (%),Windspeed (km/h),Brightness (Lux),Date
26.09, 54.66, 0, 34.37, 2018-10-12T13:47:06.000, 
26.26, 55.14, 0, 34.44, 2018-10-12T13:46:53.000, 
26.42, 56.61, 0, 34.75, 2018-10-12T13:46:40.000, 
26.35, 56.64, 0, 35.39, 2018-10-12T13:46:26.000, 
26.31, 55.86, 0, 34.97, 2018-10-12T13:46:13.000, 
26.4, 56.05, 0, 34.77, 2018-10-12T13:46:00.000, 
26.29, 55.84, 0, 35.02, 2018-10-12T13:45:46.000, 
26.16, 55.74, 0, 34.74, 2018-10-12T13:45:33.000, 
26.19, 54.74, 0, 34.58, 2018-10-12T13:45:20.000, 
26.32, 55.59, 0, 34.75, 2018-10-12T13:45:06.000, 
26.46, 56.14, 0, 34.83, 2018-10-12T13:43:53.000, 
26.34, 55.35, 1, 35.25, 2018-10-12T13:43:40.000, 
26.27, 55.29, 1, 34.5, 2018-10-12T13:43:27.000, 
26.25, 55.61, 1, 35.19, 2018-10-12T13:43:13.000, 
26.33, 54.41, 1, 35.29, 2018-10-12T13:42:24.000, 
26.65, 55.06, 1, 34.44, 2018-10-12T13:36:23.000, 
26.69, 54.87, 1, 34.03, 2018-10-12T13:36:10.000, 
26.67, 54.96, 1, 34.32, 2018-10-12T13:35:57.000, 
26.65, 55.32, 1, 34.37, 2018-10-12T13:35:46.000, 
26.61, 56.34, 1, 35.13, 2018-10-12T13:35:31.000, 
26.5, 56.06, 1, 35.03, 2018-10-12T13:35:18.000, 
26.37, 55.92, 1, 34.73, 2018-10-12T13:35:05.000, 
26.29, 56.44, 1, 35.24, 2018-10-12T13:34:52.000, 
26.25, 55.34, 1, 34.62, 2018-10-12T13:34:39.000, 
26.25, 55.21, 1, 34.65, 2018-10-12T13:34:26.000, 
26.23, 55.74, 1, 34.48, 2018-10-12T13:34:13.000, 
26.19, 55.87, 1, 35.45, 2018-10-12T13:34:00.000, 
26.24, 55.35, 1, 35.21, 2018-10-12T13:33:47.000, 
26.33, 55.5, 1, 34.72, 2018-10-12T13:33:34.000, 
26.41, 55.84, 1, 35.37, 2018-10-12T13:33:21.000, 
26.34, 56.16, 1, 35.84, 2018-10-12T13:33:08.000, 
26.28, 56.58, 0, 35.96, 2018-10-12T13:32:55.000, 
-46.8, -6, 0, 32.64, 2018-10-12T13:31:16.000, 
25.79, 56.22, 0, 16.17, 2018-10-12T13:30:57.000, 
25.7, 56.12, 0, 31.85, 2018-10-12T13:30:44.000, 
25.69, 55.59, 0, 30.82, 2018-10-12T13:30:31.000, 
25.69, 55.63, 0, 31.12, 2018-10-12T13:30:18.000, 
25.74, 55.97, 0, 31.08, 2018-10-12T13:30:05.000, 
25.75, 56.7, 0, 31.72, 2018-10-12T13:29:52.000, 
25.71, 57.62, 0, 31.53, 2018-10-12T13:29:39.000, 
25.64, 55.78, 0, 31.4, 2018-10-12T13:29:27.000, 
25.71, 56.2, 0, 30.51, 2018-10-12T13:28:26.000, 
25.71, 56.54, 0, 32.83, 2018-10-12T13:28:19.000, 
25.78, 56.5, 0, 33.43, 2018-10-12T13:28:12.000, 
25.8, 56, 0, 34.12, 2018-10-12T13:28:05.000, 
25.8, 55.46, 0, 31.35, 2018-10-12T13:27:58.000, 
25.79, 55.55, 0, 30.22, 2018-10-12T13:27:51.000, 
25.81, 55.73, 0, 30.16, 2018-10-12T13:27:44.000, 
25.79, 55.77, 0, 31.99, 2018-10-12T13:27:37.000, 
25.86, 55.81, 0, 33.05, 2018-10-12T13:27:30.000, 
25.98, 25.98, 25.98, 25.98, 2018-10-12T13:26:48.000, 
25.94, 25.94, 25.94, 25.94, 2018-10-12T13:26:41.000, 
26.01, 26.01, 26.01, 26.01, 2018-10-12T13:26:34.000, 
26.04, 26.04, 26.04, 26.04, 2018-10-12T13:26:26.000, 
26.06, 26.06, 26.06, 26.06, 2018-10-12T13:26:19.000, 
26.11, 26.11, 26.11, 26.11, 2018-10-12T13:26:12.000, 
26.16, 26.16, 26.16, 26.16, 2018-10-12T13:26:05.000, 
26.15, 26.15, 26.15, 26.15, 2018-10-12T13:25:58.000, 
25.72, 5542, 0, 2847, 2018-10-12T13:24:32.000, 
25.81, 5538, 0, 3069, 2018-10-12T13:24:20.000, 
25.81, 5540, 0, 2797, 2018-10-12T13:24:13.000, 
25.86, 5542, 0, 3518, 2018-10-12T13:24:06.000, 
25.9, 5548, 0, 3661, 2018-10-12T13:23:59.000, 
25.91, 5552, 0, 3053, 2018-10-12T13:23:52.000, 
25.94, 5545, 0, 2727, 2018-10-12T13:23:45.000, 
25.96, 5550, 0, 3518, 2018-10-12T13:23:38.000, 
26.01, 5562, 0, 3615, 2018-10-12T13:23:31.000, 
26.05, 5593, 0, 3542, 2018-10-12T13:23:24.000, 
26.11, 5632, 0, 2772, 2018-10-12T13:23:16.000, 
26.15, 5638, 0, 3429, 2018-10-12T13:23:09.000, 
26.19, 5627, 0, 3732, 2018-10-12T13:23:02.000, 
26.2, 5650, 0, 3648, 2018-10-12T13:22:55.000, 
26.29, 5720, 0, 2872, 2018-10-12T13:22:48.000, 
26.37, 5790, 0, 3722, 2018-10-12T13:22:41.000, 
26.42, 5886, 0, 3713, 2018-10-12T13:22:34.000, 
26.48, 6043, 0, 3316, 2018-10-12T13:22:27.000, 
26.48, 6273, 0, 3549, 2018-10-12T13:22:19.000, 
26.35, 6592, 0, 3688, 2018-10-12T13:22:12.000, 
26.37, 6256, 0, 3216, 2018-10-12T13:22:05.000, 
25.91, 5925, 0, 3115, 2018-10-12T13:21:58.000, 
25.91, 6031, 0, 3730, 2018-10-12T13:21:51.000, 
25.88, 6205, 0, 3544, 2018-10-12T13:21:44.000, 
25.85, 6290, 0, 3599, 2018-10-12T13:21:35.000, 
25.58, 5698, 0, 3583, 2018-10-12T13:21:27.000, 
25.56, 5721, 0, 2678, 2018-10-12T13:21:20.000, 
25.58, 5749, 0, 3530, 2018-10-12T13:21:10.000, 
25.61, 5772, 0, 2845, 2018-10-12T13:21:03.000, 
25.57, 5773, 0, 2578, 2018-10-12T13:20:56.000, 
25.54, 5736, 0, 3131, 2018-10-12T13:20:49.000, 
25.52, 5748, 0, 3547, 2018-10-12T13:20:42.000, 
25.52, 5761, 0, 3341, 2018-10-12T13:20:35.000, 
25.44, 5772, 0, 3363, 2018-10-12T13:20:28.000, 
24, 60, 1, 38, 2018-10-12T12:45:44.000, 
26, 55, 1, 32, 2018-10-12T12:07:22.000, 
26, 54, 1, 35, 2018-10-12T12:07:09.000, 
26, 54, 1, 35, 2018-10-12T12:06:56.000, 
23, 256, -112, 202, 2018-10-12T12:02:58.000, 
-166, 256, 240, 281, 2018-10-12T12:02:00.000, 
-319, 256, 151, 317, 2018-10-12T12:01:49.000, 
-135, 256, 220, -314, 2018-10-12T12:01:38.000, 
-250, 256, 156, -268, 2018-10-12T12:01:28.000, 
27, 52, 1, 36, 2018-10-12T12:01:17.000, 
-296, 256, 58, -125, 2018-10-12T12:00:39.000, 
176, 256, -117, -56, 2018-10-12T12:00:29.000, 
53, 256, -40, 0, 2018-10-12T12:00:19.000, 
-56, 256, 163, 46, 2018-10-12T12:00:09.000, 
-202, 256, -245, 115, 2018-10-12T11:59:59.000, 
297, 256, -151, 171, 2018-10-12T11:59:49.000, 
146, 256, -209, 245, 2018-10-12T11:59:38.000, 
30, 256, -230, -301, 2018-10-12T11:59:28.000, 
-145, 0, -189, -232, 2018-10-12T11:59:17.000, 
243, 0, -314, -125, 2018-10-12T11:59:07.000, 
79, 0, -284, -10, 2018-10-12T11:58:57.000, 
-102, 0, -304, 76, 2018-10-12T11:58:47.000, 
192, 256, -327, 220, 2018-10-12T11:58:37.000, 
35, 0, 227, -319, 2018-10-12T11:58:25.000, 
-79, 0, -314, -191, 2018-10-12T11:58:13.000, 
-40, 0, -215, -63, 2018-10-12T11:58:03.000, 
33, 40, 0, 36, 2018-10-12T11:57:53.000, 
33, 40, 0, 36, 2018-10-12T11:57:42.000, 
33, 40, 0, 36, 2018-10-12T11:57:32.000, 
33, 40, 0, 36, 2018-10-12T11:57:22.000, 
-74, 256, -92, -132, 2018-10-12T11:57:12.000, 
133, 256, -250, 194, 2018-10-12T11:57:02.000, 
140, 256, -281, -199, 2018-10-12T11:56:52.000, 
64, 256, -71, 12, 2018-10-12T11:56:42.000, 
189, 256, 53, 97, 2018-10-12T11:56:32.000, 
-56, 256, -120, -286, 2018-10-12T11:56:22.000, 
-222, 258, -235, -196, 2018-10-12T11:56:12.000, 
-46, -6, 1, 35, 2018-10-12T11:56:01.000, 
-6, 22, 1, 36, 2018-10-12T11:55:51.000, 
-222, 258, 71, -196, 2018-10-12T11:55:11.000, 
-222, 258, -176, -196, 2018-10-12T11:55:01.000, 
-222, 258, 40, -196, 2018-10-12T11:54:51.000, 
-222, 258, -15, -196, 2018-10-12T11:54:41.000, 
-133, 256, 307, -243, 2018-10-12T11:54:31.000, 
284, 256, 35, -253, 2018-10-12T11:54:21.000, 
26, 54, 1, 36, 2018-10-12T11:54:11.000, 
26, 54, 1, 37, 2018-10-12T11:54:00.000, 
26, 54, 1, 36, 2018-10-12T11:53:50.000, 
-12, 256, 0, -28, 2018-10-12T11:52:22.000, 
140, 256, 40, -117, 2018-10-12T11:52:07.000, 
-319, 256, 28, -189, 2018-10-12T11:51:57.000, 
-199, 256, -110, -260, 2018-10-12T11:51:47.000, 
24, 60, 1, 35, 2018-10-12T11:51:37.000, 
24, 60, 1, 34, 2018-10-12T11:51:25.000, 
7, 0, 84, 199, 2018-10-12T11:50:21.000, 
-5, 0, 94, 202, 2018-10-12T11:50:11.000, 
-74, 0, 48, 204, 2018-10-12T11:50:00.000, 
-92, 0, 143, 199, 2018-10-12T11:49:49.000, 
23, 61, 0, 38, 2018-10-12T11:49:39.000, 
23, 61, 0, 38, 2018-10-12T11:49:28.000, 
23, 61, 0, 36, 2018-10-12T11:49:17.000, 
-253, 0, 112, 243, 2018-10-12T11:48:50.000, 
24, 60, 0, 38, 2018-10-12T11:48:40.000, 
24, 60, 0, 38, 2018-10-12T11:48:30.000, 
24, 60, 0, 38, 2018-10-12T11:48:20.000, 
24, 58, 0, 38, 2018-10-12T11:47:31.000, 
24, 58, 0, 36, 2018-10-12T11:46:31.000, 
240, 0, 145, -291, 2018-10-12T11:45:42.000, 
5, 0, 104, 135, 2018-10-12T11:44:43.000, 
10, 0, 33, 176, 2018-10-12T11:43:43.000, 
23, 62, 0, 37, 2018-10-12T11:42:44.000, 
23, 62, 0, 38, 2018-10-12T11:40:19.000, 
23, 62, 0, 38, 2018-10-12T11:40:17.000, 
23, 61, 0, 38, 2018-10-12T11:40:17.000, 
23, 61, 0, 38, 2018-10-12T11:40:14.000, 
23, 61, 0, 38, 2018-10-12T11:40:13.000, 
23, 61, 0, 38, 2018-10-12T11:40:12.000, 
23, 61, 0, 38, 2018-10-12T11:40:11.000, 
23, 61, 0, 38, 2018-10-12T11:40:11.000, 
23, 61, 0, 38, 2018-10-12T11:40:10.000, 
23, 61, 0, 38, 2018-10-12T11:40:10.000, 
23, 61, 0, 38, 2018-10-12T11:40:09.000, 
23, 61, 0, 38, 2018-10-12T11:40:09.000, 
23, 62, 1, 38, 2018-10-12T11:27:34.000, 
23, 62, 1, 38, 2018-10-12T11:27:32.000, 
23, 62, 1, 38, 2018-10-12T11:27:31.000, 
28, 44, 1, 29, 2018-10-11T15:54:37.000, 
28, 44, 1, 29, 2018-10-11T15:54:36.000, 
28, 44, 1, 29, 2018-10-11T15:54:35.000, 
28, 44, 1, 29, 2018-10-11T15:54:34.000, 
28, 44, 1, 29, 2018-10-11T15:54:33.000, 
28, 44, 1, 29, 2018-10-11T15:54:31.000, 
28, 44, 1, 29, 2018-10-11T15:54:30.000, 
28, 44, 0, 29, 2018-10-11T15:54:29.000, 
28, 44, 1, 29, 2018-10-11T15:54:28.000, 
28, 44, 1, 29, 2018-10-11T15:54:27.000, 
28, 44, 1, 29, 2018-10-11T15:54:25.000, 
28, 45, 1, 29, 2018-10-11T15:54:24.000, 
28, 45, 1, 29, 2018-10-11T15:54:23.000, 
28, 45, 1, 29, 2018-10-11T15:54:22.000, 
28, 45, 1, 30, 2018-10-11T15:54:21.000, 
28, 45, 1, 30, 2018-10-11T15:54:20.000, 
28, 45, 1, 30, 2018-10-11T15:54:18.000, 
28, 46, 1, 29, 2018-10-11T15:54:17.000, 
28, 46, 1, 30, 2018-10-11T15:54:16.000, 
29, 46, 1, 29, 2018-10-11T15:54:15.000, 
29, 46, 1, 30, 2018-10-11T15:54:14.000, 
29, 47, 1, 30, 2018-10-11T15:54:13.000, 
29, 47, 1, 29, 2018-10-11T15:54:11.000, 
29, 47, 1, 30, 2018-10-11T15:54:10.000, 
29, 48, 1, 29, 2018-10-11T15:54:09.000, 
29, 48, 1, 29, 2018-10-11T15:54:08.000, 
29, 49, 1, 30, 2018-10-11T15:54:07.000, 
29, 49, 1, 29, 2018-10-11T15:54:05.000, 
29, 50, 1, 30, 2018-10-11T15:54:04.000, 
29, 51, 1, 30, 2018-10-11T15:54:03.000, 
29, 51, 1, 30, 2018-10-11T15:54:02.000, 
29, 52, 1, 30, 2018-10-11T15:54:01.000, 
29, 53, 1, 30, 2018-10-11T15:54:00.000, 
30, 54, 1, 30, 2018-10-11T15:53:58.000, 
30, 55, 1, 30, 2018-10-11T15:53:57.000, 
30, 56, 1, 30, 2018-10-11T15:53:56.000, 
30, 57, 1, 30, 2018-10-11T15:53:55.000, 
30, 58, 1, 30, 2018-10-11T15:53:54.000, 
30, 59, 1, 29, 2018-10-11T15:53:53.000, 
31, 59, 1, 30, 2018-10-11T15:53:51.000, 
31, 59, 1, 30, 2018-10-11T15:53:50.000, 
31, 59, 1, 30, 2018-10-11T15:53:49.000, 
31, 58, 1, 30, 2018-10-11T15:53:48.000, 
30, 58, 1, 30, 2018-10-11T15:53:47.000, 
30, 57, 1, 30, 2018-10-11T15:53:45.000, 
30, 57, 1, 30, 2018-10-11T15:53:44.000, 
30, 56, 1, 30, 2018-10-11T15:53:43.000, 
30, 56, 1, 30, 2018-10-11T15:53:42.000, 
30, 55, 1, 30, 2018-10-11T15:53:41.000, 
30, 55, 1, 30, 2018-10-11T15:53:40.000, 
30, 54, 1, 30, 2018-10-11T15:53:38.000, 
29, 53, 1, 30, 2018-10-11T15:53:37.000, 
29, 53, 1, 30, 2018-10-11T15:53:36.000, 
29, 52, 1, 30, 2018-10-11T15:53:35.000, 
29, 51, 1, 30, 2018-10-11T15:53:34.000, 
28, 50, 1, 30, 2018-10-11T15:53:33.000, 
28, 50, 1, 30, 2018-10-11T15:53:31.000, 
27, 49, 1, 30, 2018-10-11T15:53:30.000, 
27, 49, 1, 29, 2018-10-11T15:53:29.000, 
27, 49, 1, 29, 2018-10-11T15:53:28.000, 
27, 49, 1, 30, 2018-10-11T15:53:27.000, 
27, 49, 1, 29, 2018-10-11T15:53:25.000, 
27, 49, 1, 29, 2018-10-11T15:53:24.000, 
27, 49, 1, 29, 2018-10-11T15:53:23.000, 
27, 49, 1, 29, 2018-10-11T15:53:22.000, 
27, 49, 1, 30, 2018-10-11T15:53:21.000, 
27, 50, 1, 30, 2018-10-11T15:53:20.000, 
27, 50, 1, 30, 2018-10-11T15:53:18.000, 
27, 50, 1, 30, 2018-10-11T15:53:17.000, 
27, 51, 1, 29, 2018-10-11T15:53:16.000, 
27, 51, 1, 29, 2018-10-11T15:53:15.000, 
27, 51, 1, 30, 2018-10-11T15:53:14.000, 
27, 52, 1, 30, 2018-10-11T15:53:13.000, 
27, 52, 1, 30, 2018-10-11T15:53:11.000, 
27, 53, 1, 30, 2018-10-11T15:53:10.000, 
27, 54, 1, 29, 2018-10-11T15:53:09.000, 
27, 54, 1, 30, 2018-10-11T15:53:08.000, 
27, 55, 1, 30, 2018-10-11T15:53:07.000, 
28, 56, 1, 30, 2018-10-11T15:53:05.000, 
28, 57, 1, 30, 2018-10-11T15:53:04.000, 
28, 58, 1, 30, 2018-10-11T15:53:03.000, 
28, 59, 1, 29, 2018-10-11T15:53:02.000, 
28, 60, 1, 29, 2018-10-11T15:53:01.000, 
28, 61, 1, 29, 2018-10-11T15:53:00.000, 
28, 63, 1, 29, 2018-10-11T15:52:58.000, 
28, 64, 1, 30, 2018-10-11T15:52:57.000, 
28, 66, 1, 30, 2018-10-11T15:52:56.000, 
28, 67, 1, 30, 2018-10-11T15:52:55.000, 
29, 69, 1, 30, 2018-10-11T15:52:54.000, 
29, 70, 1, 30, 2018-10-11T15:52:53.000, 
30, 70, 1, 30, 2018-10-11T15:52:51.000, 
30, 68, 1, 30, 2018-10-11T15:52:50.000, 
29, 66, 1, 30, 2018-10-11T15:52:49.000, 
29, 64, 1, 30, 2018-10-11T15:52:48.000, 
29, 61, 1, 30, 2018-10-11T15:52:47.000, 
28, 58, 1, 30, 2018-10-11T15:52:45.000, 
28, 56, 1, 30, 2018-10-11T15:52:44.000, 
27, 53, 1, 30, 2018-10-11T15:52:43.000, 
27, 51, 1, 30, 2018-10-11T15:52:42.000, 
25, 49, 1, 30, 2018-10-11T15:52:41.000, 
25, 49, 1, 30, 2018-10-11T15:52:40.000, 
25, 49, 1, 30, 2018-10-11T15:52:38.000, 
25, 49, 1, 30, 2018-10-11T15:52:37.000, 
25, 49, 1, 30, 2018-10-11T15:52:36.000, 
25, 49, 1, 30, 2018-10-11T15:52:35.000, 
25, 49, 0, 30, 2018-10-11T15:52:34.000, 
25, 49, 0, 30, 2018-10-11T15:52:33.000, 
25, 49, 0, 30, 2018-10-11T15:52:31.000, 
25, 50, 0, 30, 2018-10-11T15:52:30.000, 
25, 49, 0, 30, 2018-10-11T15:52:29.000, 
25, 50, 0, 30, 2018-10-11T15:52:28.000, 
25, 50, 0, 30, 2018-10-11T15:52:27.000, 
25, 50, 0, 29, 2018-10-11T15:52:25.000, 
25, 50, 0, 30, 2018-10-11T15:52:24.000, 
25, 50, 0, 30, 2018-10-11T15:52:23.000, 
25, 50, 0, 30, 2018-10-11T15:52:23.000, 
25, 50, 0, 30, 2018-10-11T15:52:22.000, 
25, 49, 0, 25, 2018-10-11T15:51:42.000, 
26, 49, 0, 26, 2018-10-11T15:51:41.000, 
26, 49, 0, 26, 2018-10-11T15:51:40.000, 
26, 49, 0, 26, 2018-10-11T15:51:38.000, 
25, 49, 0, 25, 2018-10-11T15:51:37.000, 
26, 49, 0, 26, 2018-10-11T15:51:36.000, 
25, 49, 0, 25, 2018-10-11T15:51:35.000, 
25, 49, 0, 25, 2018-10-11T15:51:34.000, 
25, 49, 0, 25, 2018-10-11T15:51:33.000, 
25, 49, 0, 25, 2018-10-11T15:51:31.000, 
25, 49, 0, 25, 2018-10-11T15:51:30.000, 
25, 49, 0, 25, 2018-10-11T15:51:29.000, 
25, 49, 0, 25, 2018-10-11T15:51:28.000, 
25, 49, 0, 25, 2018-10-11T15:51:27.000, 
25, 49, 0, 25, 2018-10-11T15:51:25.000, 
26, 49, 0, 26, 2018-10-11T15:51:24.000, 
25, 49, 0, 25, 2018-10-11T15:51:23.000, 
25, 49, 0, 25, 2018-10-11T15:51:22.000, 
26, 49, 0, 26, 2018-10-11T15:51:21.000, 
25, 49, 0, 25, 2018-10-11T15:51:20.000, 
25, 49, 0, 25, 2018-10-11T15:51:18.000, 
25, 49, 0, 25, 2018-10-11T15:51:17.000, 
25, 49, 0, 25, 2018-10-11T15:51:16.000, 
26, 49, 0, 26, 2018-10-11T15:51:15.000, 
25, 49, 0, 25, 2018-10-11T15:51:14.000, 
26, 49, 0, 26, 2018-10-11T15:51:13.000, 
26, 49, 0, 26, 2018-10-11T15:51:11.000, 
26, 49, 0, 26, 2018-10-11T15:51:10.000, 
26, 49, 0, 26, 2018-10-11T15:51:09.000, 
26, 49, 0, 26, 2018-10-11T15:51:08.000, 
26, 49, 0, 26, 2018-10-11T15:51:07.000, 
26, 49, 0, 26, 2018-10-11T15:51:06.000, 
26, 49, 0, 26, 2018-10-11T15:51:06.000, 
26, 49, 0, 26, 2018-10-11T15:51:03.000, 
26, 49, 0, 26, 2018-10-11T15:51:02.000, 
26, 49, 0, 26, 2018-10-11T15:51:01.000, 
26, 49, 0, 26, 2018-10-11T15:51:00.000, 
26, 49, 0, 26, 2018-10-11T15:50:58.000, 
26, 49, 0, 26, 2018-10-11T15:50:57.000, 
26, 49, 0, 26, 2018-10-11T15:50:56.000, 
26, 49, 0, 26, 2018-10-11T15:50:55.000, 
26, 49, 0, 26, 2018-10-11T15:50:54.000, 
26, 49, 0, 26, 2018-10-11T15:50:53.000, 
26, 49, 0, 26, 2018-10-11T15:50:51.000, 
26, 49, 0, 26, 2018-10-11T15:50:50.000, 
26, 49, 0, 26, 2018-10-11T15:50:49.000, 
26, 49, 0, 26, 2018-10-11T15:50:48.000, 
26, 49, 0, 26, 2018-10-11T15:50:47.000, 
26, 49, 0, 26, 2018-10-11T15:50:45.000, 
26, 49, 0, 26, 2018-10-11T15:50:44.000, 
26, 49, 0, 26, 2018-10-11T15:50:43.000, 
26, 49, 0, 26, 2018-10-11T15:50:42.000, 
26, 49, 0, 26, 2018-10-11T15:50:41.000, 
26, 49, 0, 26, 2018-10-11T15:50:40.000, 
26, 49, 0, 26, 2018-10-11T15:50:38.000, 
26, 49, 0, 26, 2018-10-11T15:50:37.000, 
26, 49, 0, 26, 2018-10-11T15:50:36.000, 
30, 49, 0, 26, 2018-10-11T15:49:41.000, 
30, 49, 0, 26, 2018-10-11T15:49:40.000, 
30, 49, 0, 26, 2018-10-11T15:49:38.000, 
30, 49, 0, 26, 2018-10-11T15:49:37.000, 
30, 49, 0, 26, 2018-10-11T15:49:36.000, 
30, 49, 0, 26, 2018-10-11T15:49:35.000, 
30, 48, 0, 26, 2018-10-11T15:49:34.000, 
30, 48, 0, 26, 2018-10-11T15:49:33.000, 
30, 48, 0, 26, 2018-10-11T15:49:31.000, 
30, 48, 0, 26, 2018-10-11T15:49:30.000, 
30, 48, 0, 26, 2018-10-11T15:49:29.000, 
30, 48, 0, 26, 2018-10-11T15:49:28.000, 
30, 48, 0, 26, 2018-10-11T15:49:27.000, 
30, 48, 0, 26, 2018-10-11T15:49:26.000, 
30, 48, 0, 26, 2018-10-11T15:49:24.000, 
30, 48, 0, 26, 2018-10-11T15:49:23.000, 
30, 48, 0, 26, 2018-10-11T15:49:22.000, 
30, 48, 0, 26, 2018-10-11T15:49:21.000, 
30, 48, 0, 26, 2018-10-11T15:49:20.000, 
30, 48, 0, 26, 2018-10-11T15:49:18.000, 
30, 48, 0, 26, 2018-10-11T15:49:17.000, 
30, 48, 0, 26, 2018-10-11T15:49:16.000, 
30, 48, 0, 26, 2018-10-11T15:49:15.000, 
30, 48, 0, 26, 2018-10-11T15:49:14.000, 
30, 48, 0, 26, 2018-10-11T15:49:13.000, 
30, 48, 0, 26, 2018-10-11T15:49:11.000, 
30, 48, 0, 26, 2018-10-11T15:49:10.000, 
30, 48, 0, 26, 2018-10-11T15:49:09.000, 
30, 48, 0, 26, 2018-10-11T15:49:08.000, 
30, 48, 0, 26, 2018-10-11T15:49:07.000, 
30, 48, 0, 26, 2018-10-11T15:49:06.000, 
30, 48, 0, 26, 2018-10-11T15:49:04.000, 
30, 48, 0, 26, 2018-10-11T15:49:03.000, 
30, 48, 0, 26, 2018-10-11T15:49:02.000, 
30, 48, 0, 26, 2018-10-11T15:49:01.000, 
30, 48, 0, 26, 2018-10-11T15:49:00.000, 
30, 48, 0, 26, 2018-10-11T15:48:58.000, 
30, 48, 0, 26, 2018-10-11T15:48:57.000, 
30, 48, 0, 26, 2018-10-11T15:48:56.000, 
30, 48, 0, 26, 2018-10-11T15:48:55.000, 
30, 48, 0, 26, 2018-10-11T15:48:54.000, 
29, 48, 0, 26, 2018-10-11T15:48:53.000, 
30, 48, 0, 26, 2018-10-11T15:48:51.000, 
30, 48, 0, 26, 2018-10-11T15:48:50.000, 
30, 48, 0, 26, 2018-10-11T15:48:49.000, 
30, 48, 0, 26, 2018-10-11T15:48:48.000, 
30, 48, 0, 26, 2018-10-11T15:48:47.000, 
30, 48, 0, 26, 2018-10-11T15:48:46.000, 
30, 48, 0, 26, 2018-10-11T15:48:44.000, 
30, 48, 0, 26, 2018-10-11T15:48:43.000, 
30, 48, 0, 26, 2018-10-11T15:48:42.000, 
30, 48, 0, 26, 2018-10-11T15:48:41.000, 
30, 48, 0, 26, 2018-10-11T15:48:40.000, 
29, 48, 0, 26, 2018-10-11T15:48:38.000, 
30, 48, 0, 26, 2018-10-11T15:48:37.000, 
30, 49, 0, 26, 2018-10-11T15:48:36.000, 
30, 49, 0, 26, 2018-10-11T15:48:35.000, 
30, 49, 0, 26, 2018-10-11T15:48:34.000, 
30, 49, 0, 26, 2018-10-11T15:48:33.000, 
30, 49, 0, 26, 2018-10-11T15:48:31.000, 
30, 49, 0, 26, 2018-10-11T15:48:30.000, 
30, 49, 0, 26, 2018-10-11T15:48:29.000, 
30, 49, 0, 26, 2018-10-11T15:48:28.000, 
30, 49, 0, 26, 2018-10-11T15:48:27.000, 
30, 49, 0, 26, 2018-10-11T15:48:26.000, 
30, 49, 0, 26, 2018-10-11T15:48:24.000, 
30, 49, 0, 26, 2018-10-11T15:48:23.000, 
30, 49, 0, 26, 2018-10-11T15:48:22.000, 
30, 50, 0, 26, 2018-10-11T15:48:21.000, 
30, 50, 0, 26, 2018-10-11T15:48:20.000, 
30, 50, 0, 26, 2018-10-11T15:48:18.000, 
30, 50, 0, 26, 2018-10-11T15:48:17.000, 
30, 50, 0, 26, 2018-10-11T15:48:16.000, 
30, 50, 0, 26, 2018-10-11T15:48:15.000, 
31, 50, 0, 26, 2018-10-11T15:48:14.000, 
30, 50, 0, 26, 2018-10-11T15:48:13.000, 
31, 50, 0, 26, 2018-10-11T15:48:11.000, 
31, 50, 0, 26, 2018-10-11T15:48:10.000, 
31, 50, 0, 26, 2018-10-11T15:48:09.000, 
31, 50, 0, 26, 2018-10-11T15:48:08.000, 
31, 50, 0, 26, 2018-10-11T15:48:07.000, 
31, 50, 0, 26, 2018-10-11T15:48:06.000, 
30, 50, 0, 26, 2018-10-11T15:48:04.000, 
30, 50, 0, 26, 2018-10-11T15:48:03.000, 
30, 50, 0, 26, 2018-10-11T15:48:02.000, 
29, 50, 0, 26, 2018-10-11T15:48:01.000, 
30, 50, 0, 26, 2018-10-11T15:48:00.000, 
30, 51, 0, 26, 2018-10-11T15:47:58.000, 
30, 51, 0, 26, 2018-10-11T15:47:57.000, 
30, 51, 0, 26, 2018-10-11T15:47:56.000, 
30, 51, 0, 26, 2018-10-11T15:47:55.000, 
29, 52, 0, 26, 2018-10-11T15:47:54.000, 
30, 52, 0, 26, 2018-10-11T15:47:53.000, 
30, 52, 0, 26, 2018-10-11T15:47:51.000, 
30, 53, 0, 26, 2018-10-11T15:47:50.000, 
30, 53, 0, 26, 2018-10-11T15:47:49.000, 
30, 53, 0, 26, 2018-10-11T15:47:48.000, 
30, 54, 0, 26, 2018-10-11T15:47:47.000, 
31, 54, 0, 26, 2018-10-11T15:47:46.000, 
31, 55, 0, 26, 2018-10-11T15:47:44.000, 
31, 55, 0, 26, 2018-10-11T15:47:43.000, 
31, 55, 0, 26, 2018-10-11T15:47:42.000, 
31, 56, 0, 26, 2018-10-11T15:47:41.000, 
32, 56, 0, 27, 2018-10-11T15:47:40.000, 
32, 56, 0, 27, 2018-10-11T15:47:38.000, 
33, 57, 0, 27, 2018-10-11T15:47:37.000, 
35, 57, 0, 27, 2018-10-11T15:47:36.000, 
32, 58, 0, 27, 2018-10-11T15:47:35.000, 
32, 58, 0, 27, 2018-10-11T15:47:34.000, 
31, 59, 0, 27, 2018-10-11T15:47:33.000, 
30, 60, 0, 27, 2018-10-11T15:47:31.000, 
29, 61, 0, 27, 2018-10-11T15:47:30.000, 
30, 62, 0, 27, 2018-10-11T15:47:29.000, 
30, 63, 0, 27, 2018-10-11T15:47:28.000, 
29, 64, 0, 27, 2018-10-11T15:47:27.000, 
30, 65, 0, 28, 2018-10-11T15:47:26.000, 
30, 66, 0, 28, 2018-10-11T15:47:24.000, 
30, 65, 0, 28, 2018-10-11T15:47:23.000, 
30, 65, 0, 28, 2018-10-11T15:47:22.000, 
30, 65, 0, 28, 2018-10-11T15:47:21.000, 
30, 64, 0, 27, 2018-10-11T15:47:20.000, 
30, 64, 0, 27, 2018-10-11T15:47:19.000, 
30, 64, 0, 27, 2018-10-11T15:47:17.000, 
30, 63, 0, 27, 2018-10-11T15:47:16.000, 
30, 62, 0, 27, 2018-10-11T15:47:15.000, 
30, 61, 0, 27, 2018-10-11T15:47:14.000, 
30, 60, 0, 27, 2018-10-11T15:47:13.000, 
30, 59, 0, 27, 2018-10-11T15:47:11.000, 
30, 58, 0, 27, 2018-10-11T15:47:10.000, 
30, 56, 0, 27, 2018-10-11T15:47:09.000, 
30, 55, 0, 27, 2018-10-11T15:47:08.000, 
30, 53, 0, 26, 2018-10-11T15:47:07.000, 
30, 52, 0, 26, 2018-10-11T15:47:06.000, 
30, 51, 0, 26, 2018-10-11T15:47:04.000, 
30, 50, 0, 25, 2018-10-11T15:47:03.000, 
30, 50, 0, 25, 2018-10-11T15:47:02.000, 
30, 50, 0, 25, 2018-10-11T15:47:01.000, 
30, 50, 0, 25, 2018-10-11T15:47:00.000, 
30, 50, 0, 25, 2018-10-11T15:46:59.000, 
30, 50, 0, 25, 2018-10-11T15:46:57.000, 
30, 50, 0, 25, 2018-10-11T15:46:56.000, 
30, 50, 0, 25, 2018-10-11T15:46:55.000, 
30, 50, 0, 25, 2018-10-11T15:46:54.000, 
30, 50, 0, 25, 2018-10-11T15:46:53.000, 
30, 50, 0, 25, 2018-10-11T15:46:51.000, 
30, 50, 0, 25, 2018-10-11T15:46:50.000, 
30, 50, 0, 25, 2018-10-11T15:46:49.000, 
30, 50, 0, 25, 2018-10-11T15:46:48.000, 
30, 50, 0, 25, 2018-10-11T15:46:47.000, 
3157, 5088, 100, 2548, 2018-10-11T15:36:53.000, 
3102, 5090, 100, 2548, 2018-10-11T15:36:52.000, 
3080, 5091, 100, 2548, 2018-10-11T15:36:50.000, 
3087, 5094, 100, 2549, 2018-10-11T15:36:49.000, 
3120, 5097, 100, 2550, 2018-10-11T15:36:48.000, 
3112, 5100, 100, 2551, 2018-10-11T15:36:47.000, 
3099, 5104, 100, 2548, 2018-10-11T15:36:46.000, 
3132, 5103, 100, 2551, 2018-10-11T15:36:44.000, 
3142, 5104, 100, 2549, 2018-10-11T15:36:43.000, 
3149, 5105, 100, 2551, 2018-10-11T15:36:42.000, 
3155, 5105, 100, 2549, 2018-10-11T15:36:41.000, 
3130, 5104, 100, 2550, 2018-10-11T15:36:40.000, 
3137, 5101, 100, 2549, 2018-10-11T15:36:39.000, 
3136, 5100, 100, 2548, 2018-10-11T15:36:37.000, 
3134, 5091, 100, 2549, 2018-10-11T15:36:36.000, 
3133, 5088, 100, 2548, 2018-10-11T15:36:35.000, 
3105, 5085, 100, 2548, 2018-10-11T15:36:34.000, 
3130, 5088, 100, 2545, 2018-10-11T15:36:33.000, 
3116, 5086, 100, 2548, 2018-10-11T15:36:32.000, 
3110, 5086, 100, 2546, 2018-10-11T15:36:30.000, 
3108, 5088, 100, 2548, 2018-10-11T15:36:29.000, 
3147, 5090, 100, 2548, 2018-10-11T15:36:28.000, 
3110, 5090, 100, 2544, 2018-10-11T15:36:27.000, 
3123, 5092, 100, 2545, 2018-10-11T15:36:26.000, 
3050, 5094, 100, 2543, 2018-10-11T15:36:24.000, 
3071, 5096, 100, 2546, 2018-10-11T15:36:23.000, 
3126, 5098, 100, 2549, 2018-10-11T15:36:22.000, 
3101, 5101, 100, 2550, 2018-10-11T15:36:21.000, 
3140, 5101, 100, 2546, 2018-10-11T15:36:20.000, 
333, 333, 333, 333, 2018-10-11T14:53:14.000, 
333, 333, 333, 333, 2018-10-11T14:53:03.000, 
333, 333, 333, 333, 2018-10-11T14:52:53.000, 
333, 333, 333, 333, 2018-10-11T14:52:16.000, 
333, 333, 333, 333, 2018-10-11T14:52:06.000, 
333, 333, 333, 333, 2018-10-11T14:51:56.000, 
333, 333, 333, 333, 2018-10-11T14:51:46.000, 
333, 333, 333, 333, 2018-10-11T14:51:36.000, 
333, 333, 333, 333, 2018-10-11T14:51:26.000, 
333, 333, 333, 333, 2018-10-11T14:51:16.000, 
333, 333, 333, 333, 2018-10-11T14:51:06.000, 
333, 333, 333, 333, 2018-10-11T14:50:56.000, 
333, 333, 333, 333, 2018-10-11T14:50:46.000, 
333, 333, 333, 333, 2018-10-11T14:50:36.000, 
333, 333, 333, 333, 2018-10-11T14:49:21.000, 
333, 333, 333, 333, 2018-10-11T14:49:11.000, 
333, 333, 333, 333, 2018-10-11T14:49:01.000, 
333, 333, 333, 333, 2018-10-11T14:48:51.000, 
333, 333, 333, 333, 2018-10-11T14:48:41.000, 
333, 333, 333, 333, 2018-10-11T14:48:30.000, 
333, 333, 333, 333, 2018-10-11T14:48:20.000, 
333, 333, 333, 333, 2018-10-11T14:48:10.000, 
333, 333, 333, 333, 2018-10-11T14:48:00.000, 
333, 333, 333, 333, 2018-10-11T14:47:50.000, 
333, 333, 333, 333, 2018-10-11T14:47:40.000, 
333, 333, 333, 333, 2018-10-11T14:47:30.000, 
333, 333, 333, 333, 2018-10-11T14:47:20.000, 
333, 333, 333, 333, 2018-10-11T14:47:10.000, 
333, 333, 333, 333, 2018-10-11T14:47:00.000, 
333, 333, 333, 333, 2018-10-11T14:46:50.000, 
333, 333, 333, 333, 2018-10-11T14:46:40.000, 
333, 333, 333, 333, 2018-10-11T14:46:30.000, 
333, 333, 333, 333, 2018-10-11T14:46:19.000, 
333, 333, 333, 333, 2018-10-11T14:46:09.000, 
333, 333, 333, 333, 2018-10-11T14:44:12.000, 
333, 333, 333, 333, 2018-10-11T14:43:54.000, 
333, 333, 333, 333, 2018-10-11T14:42:19.000, 
333, 333, 333, 333, 2018-10-11T14:42:09.000, 
333, 333, 333, 333, 2018-10-11T14:41:27.000, 
333, 333, 333, 333, 2018-10-11T14:41:17.000, 
333, 333, 333, 333, 2018-10-11T14:41:07.000, 
333, 333, 333, 333, 2018-10-11T14:40:57.000, 
333, 333, 333, 333, 2018-10-11T14:40:10.000, 
333, 333, 333, 333, 2018-10-11T14:40:00.000, 
333, 333, 333, 333, 2018-10-11T14:39:50.000, 
333, 333, 333, 333, 2018-10-11T14:39:40.000, 
333, 333, 333, 333, 2018-10-11T14:39:30.000, 
333, 333, 333, 333, 2018-10-11T14:39:20.000, 
333, 333, 333, 333, 2018-10-11T14:39:10.000, 
333, 333, 333, 333, 2018-10-11T14:31:44.000, 
333, 333, 333, 333, 2018-10-05T12:42:57.000, 
333, 333, 333, 333, 2018-10-05T12:42:46.000, 
333, 333, 333, 333, 2018-10-05T12:42:36.000, 
333, 333, 333, 333, 2018-10-05T12:42:26.000, 
333, 333, 333, 333, 2018-10-05T12:42:16.000, 
333, 333, 333, 333, 2018-10-05T12:42:06.000, 
333, 333, 333, 333, 2018-10-05T12:41:56.000, 
333, 333, 333, 333, 2018-10-05T12:41:46.000, 
333, 333, 333, 333, 2018-10-05T12:41:36.000, 
333, 333, 333, 333, 2018-10-05T12:41:25.000, 
333, 333, 333, 333, 2018-10-05T12:41:15.000, 
333, 333, 333, 333, 2018-10-05T12:41:05.000, 
333, 333, 333, 333, 2018-10-05T12:40:55.000, 
333, 333, 333, 333, 2018-10-05T12:40:45.000, 
333, 333, 333, 333, 2018-10-05T12:40:35.000, 
333, 333, 333, 333, 2018-10-05T12:40:25.000, 
333, 333, 333, 333, 2018-10-05T12:40:14.000, 
333, 333, 333, 333, 2018-10-05T12:40:04.000, 
333, 333, 333, 333, 2018-10-05T12:39:54.000, 
333, 333, 333, 333, 2018-10-05T12:39:43.000, 
333, 333, 333, 333, 2018-10-05T12:39:33.000, 
333, 333, 333, 333, 2018-10-05T12:39:23.000, 
333, 333, 333, 333, 2018-10-05T12:39:13.000, 
333, 333, 333, 333, 2018-10-05T12:39:03.000, 
333, 333, 333, 333, 2018-10-05T12:38:53.000, 
333, 333, 333, 333, 2018-10-05T12:38:43.000, 
333, 333, 333, 333, 2018-10-05T12:38:32.000, 
333, 333, 333, 333, 2018-10-05T12:38:22.000, 
333, 333, 333, 333, 2018-10-05T12:38:12.000, 
333, 333, 333, 333, 2018-10-05T12:38:02.000, 
333, 333, 333, 333, 2018-10-05T12:37:52.000, 
333, 333, 333, 333, 2018-10-05T12:37:42.000, 
333, 333, 333, 333, 2018-10-05T12:37:32.000, 
333, 333, 333, 333, 2018-10-05T12:37:21.000, 
333, 333, 333, 333, 2018-10-05T12:37:11.000, 
333, 333, 333, 333, 2018-10-05T12:37:01.000, 
333, 333, 333, 333, 2018-10-05T12:36:51.000, 
333, 333, 333, 333, 2018-10-05T12:36:41.000, 
333, 333, 333, 333, 2018-10-05T12:36:31.000, 
333, 333, 333, 333, 2018-10-05T12:36:21.000, 
333, 333, 333, 333, 2018-10-05T12:36:11.000, 
333, 333, 333, 333, 2018-10-05T12:36:00.000, 
333, 333, 333, 333, 2018-10-05T12:35:50.000, 
333, 333, 333, 333, 2018-10-05T12:35:40.000, 
333, 333, 333, 333, 2018-10-05T12:35:30.000, 
333, 333, 333, 333, 2018-10-05T12:35:20.000, 
333, 333, 333, 333, 2018-10-05T12:35:10.000, 
333, 333, 333, 333, 2018-10-05T12:35:00.000, 
333, 333, 333, 333, 2018-10-05T12:34:49.000, 
333, 333, 333, 333, 2018-10-05T12:34:39.000, 
333, 333, 333, 333, 2018-10-05T12:34:29.000, 
333, 333, 333, 333, 2018-10-05T12:34:19.000, 
333, 333, 333, 333, 2018-10-05T12:34:09.000, 
333, 333, 333, 333, 2018-10-05T12:33:59.000, 
333, 333, 333, 333, 2018-10-05T12:33:48.000, 
333, 333, 333, 333, 2018-10-05T12:33:38.000, 
333, 333, 333, 333, 2018-10-05T12:33:28.000, 
333, 333, 333, 333, 2018-10-05T12:33:18.000, 
333, 333, 333, 333, 2018-10-05T12:33:08.000, 
333, 333, 333, 333, 2018-10-05T12:32:58.000, 
333, 333, 333, 333, 2018-10-05T12:32:47.000, 
333, 333, 333, 333, 2018-10-05T12:32:37.000, 
333, 333, 333, 333, 2018-10-05T12:32:27.000, 
333, 333, 333, 333, 2018-10-05T12:32:17.000, 
333, 333, 333, 333, 2018-10-05T12:32:07.000, 
333, 333, 333, 333, 2018-10-05T12:31:57.000, 
333, 333, 333, 333, 2018-10-05T12:31:47.000, 
333, 333, 333, 333, 2018-10-05T12:31:36.000, 
333, 333, 333, 333, 2018-10-05T12:31:26.000, 
333, 333, 333, 333, 2018-10-05T12:31:16.000, 
333, 333, 333, 333, 2018-10-05T12:31:06.000, 
333, 333, 333, 333, 2018-10-05T12:30:56.000, 
333, 333, 333, 333, 2018-10-05T12:30:45.000, 
333, 333, 333, 333, 2018-10-05T12:30:35.000, 
333, 333, 333, 333, 2018-10-05T12:30:25.000, 
333, 333, 333, 333, 2018-10-05T12:30:15.000, 
333, 333, 333, 333, 2018-10-05T12:30:05.000, 
333, 333, 333, 333, 2018-10-05T12:29:54.000, 
333, 333, 333, 333, 2018-10-05T12:29:44.000, 
333, 333, 333, 333, 2018-10-05T12:29:34.000, 
333, 333, 333, 333, 2018-10-05T12:29:24.000, 
333, 333, 333, 333, 2018-10-05T12:29:14.000, 
333, 333, 333, 333, 2018-10-05T12:29:04.000, 
333, 333, 333, 333, 2018-10-05T12:28:54.000, 
333, 333, 333, 333, 2018-10-05T12:28:44.000, 
333, 333, 333, 333, 2018-10-05T12:28:33.000, 
333, 333, 333, 333, 2018-10-05T12:28:23.000, 
333, 333, 333, 333, 2018-10-05T12:28:13.000, 
333, 333, 333, 333, 2018-10-05T12:28:03.000, 
333, 333, 333, 333, 2018-10-05T12:27:53.000, 
333, 333, 333, 333, 2018-10-05T12:27:43.000, 
333, 333, 333, 333, 2018-10-05T12:27:33.000, 
333, 333, 333, 333, 2018-10-05T12:27:22.000, 
333, 333, 333, 333, 2018-10-05T12:27:12.000, 
333, 333, 333, 333, 2018-10-05T12:27:02.000, 
333, 333, 333, 333, 2018-10-05T12:26:52.000, 
333, 333, 333, 333, 2018-10-05T12:26:42.000, 
333, 333, 333, 333, 2018-10-05T12:26:32.000, 
333, 333, 333, 333, 2018-10-05T12:26:22.000, 
333, 333, 333, 333, 2018-10-05T12:26:11.000, 
333, 333, 333, 333, 2018-10-05T12:26:01.000, 
333, 333, 333, 333, 2018-10-05T12:25:51.000, 
333, 333, 333, 333, 2018-10-05T12:25:41.000, 
333, 333, 333, 333, 2018-10-05T12:25:31.000, 
333, 333, 333, 333, 2018-10-05T12:25:21.000, 
333, 333, 333, 333, 2018-10-05T12:25:11.000, 
333, 333, 333, 333, 2018-10-05T12:25:00.000, 
333, 333, 333, 333, 2018-10-05T12:24:50.000, 
333, 333, 333, 333, 2018-10-05T12:24:40.000, 
333, 333, 333, 333, 2018-10-05T12:24:30.000, 
333, 333, 333, 333, 2018-10-05T12:24:20.000, 
333, 333, 333, 333, 2018-10-05T12:24:10.000, 
333, 333, 333, 333, 2018-10-05T12:23:59.000, 
333, 333, 333, 333, 2018-10-05T12:23:49.000, 
333, 333, 333, 333, 2018-10-05T12:23:39.000, 
333, 333, 333, 333, 2018-10-05T12:23:29.000, 
333, 333, 333, 333, 2018-10-05T12:23:19.000, 
333, 333, 333, 333, 2018-10-05T12:23:08.000, 
333, 333, 333, 333, 2018-10-05T12:22:58.000, 
333, 333, 333, 333, 2018-10-05T12:22:48.000, 
333, 333, 333, 333, 2018-10-05T12:22:38.000, 
333, 333, 333, 333, 2018-10-05T12:22:28.000, 
333, 333, 333, 333, 2018-10-05T12:22:17.000, 
333, 333, 333, 333, 2018-10-05T12:22:07.000, 
333, 333, 333, 333, 2018-10-05T12:21:57.000, 
333, 333, 333, 333, 2018-10-05T12:21:47.000, 
333, 333, 333, 333, 2018-10-05T12:21:37.000, 
333, 333, 333, 333, 2018-10-05T12:21:26.000, 
333, 333, 333, 333, 2018-10-05T12:21:16.000, 
333, 333, 333, 333, 2018-10-05T12:21:06.000, 
333, 333, 333, 333, 2018-10-05T12:20:56.000, 
333, 333, 333, 333, 2018-10-05T12:20:46.000, 
333, 333, 333, 333, 2018-10-05T12:20:36.000, 
333, 333, 333, 333, 2018-10-05T12:20:26.000, 
333, 333, 333, 333, 2018-10-05T12:20:15.000, 
333, 333, 333, 333, 2018-10-05T12:20:05.000, 
333, 333, 333, 333, 2018-10-05T12:19:55.000, 
333, 333, 333, 333, 2018-10-05T12:19:44.000, 
333, 333, 333, 333, 2018-10-05T12:19:34.000, 
333, 333, 333, 333, 2018-10-05T12:19:24.000, 
333, 333, 333, 333, 2018-10-05T12:19:14.000, 
333, 333, 333, 333, 2018-10-05T12:19:04.000, 
333, 333, 333, 333, 2018-10-05T12:18:53.000, 
333, 333, 333, 333, 2018-10-05T12:18:43.000, 
333, 333, 333, 333, 2018-10-05T12:18:32.000, 
333, 333, 333, 333, 2018-10-05T12:15:54.000, 
333, 333, 333, 333, 2018-10-05T12:15:44.000, 
333, 333, 333, 333, 2018-10-05T12:15:33.000, 
333, 333, 333, 333, 2018-10-05T12:15:23.000, 
333, 333, 333, 333, 2018-10-05T12:15:13.000, 
333, 333, 333, 333, 2018-10-05T12:12:08.000, 
333, 333, 333, 333, 2018-10-05T12:11:57.000, 
333, 333, 333, 333, 2018-10-05T12:11:47.000, 
333, 333, 333, 333, 2018-10-05T12:11:37.000, 
333, 333, 333, 333, 2018-10-05T12:11:26.000, 
333, 333, 333, 333, 2018-10-05T12:11:16.000, 
333, 333, 333, 333, 2018-10-05T12:08:43.000, 
333, 333, 333, 333, 2018-10-05T12:08:43.000, 
333, 333, 333, 333, 2018-10-05T12:08:43.000, 
333, 333, 333, 333, 2018-10-05T12:08:43.000, 
333, 333, 333, 333, 2018-10-05T12:08:43.000, 
333, 333, 333, 333, 2018-10-05T12:08:43.000, 
333, 333, 333, 333, 2018-10-05T12:08:43.000, 
333, 333, 333, 333, 2018-10-05T12:08:43.000, 
333, 333, 333, 333, 2018-10-05T12:08:43.000, 
333, 333, 333, 333, 2018-10-05T12:08:42.000, 
333, 333, 333, 333, 2018-10-05T12:08:42.000, 
333, 333, 333, 333, 2018-10-05T12:08:42.000, 
333, 333, 333, 333, 2018-10-05T12:08:42.000, 
333, 333, 333, 333, 2018-10-05T12:08:42.000, 
333, 333, 333, 333, 2018-10-05T12:08:42.000, 
333, 333, 333, 333, 2018-10-05T12:08:42.000, 
333, 333, 333, 333, 2018-10-05T12:08:42.000, 
333, 333, 333, 333, 2018-10-05T12:08:42.000, 
333, 333, 333, 333, 2018-10-05T12:08:42.000, 
333, 333, 333, 333, 2018-10-05T12:08:41.000, 
333, 333, 333, 333, 2018-10-05T12:08:41.000, 
333, 333, 333, 333, 2018-10-05T12:08:41.000, 
333, 333, 333, 333, 2018-10-05T12:08:41.000, 
333, 333, 333, 333, 2018-10-05T12:08:41.000, 
333, 333, 333, 333, 2018-10-05T12:08:41.000, 
333, 333, 333, 333, 2018-10-05T12:08:41.000, 
333, 333, 333, 333, 2018-10-05T12:08:41.000, 
333, 333, 333, 333, 2018-10-05T12:08:41.000, 
333, 333, 333, 333, 2018-10-05T12:08:41.000, 
333, 333, 333, 333, 2018-10-05T12:08:40.000, 
333, 333, 333, 333, 2018-10-05T12:08:40.000, 
333, 333, 333, 333, 2018-10-05T12:08:40.000, 
333, 333, 333, 333, 2018-10-05T12:08:40.000, 
333, 333, 333, 333, 2018-10-05T12:08:40.000, 
333, 333, 333, 333, 2018-10-05T12:08:40.000, 
333, 333, 333, 333, 2018-10-05T12:08:40.000, 
333, 333, 333, 333, 2018-10-05T12:08:40.000, 
333, 333, 333, 333, 2018-10-05T12:08:40.000, 
333, 333, 333, 333, 2018-10-05T12:08:39.000, 
333, 333, 333, 333, 2018-10-05T12:08:39.000, 
333, 333, 333, 333, 2018-10-05T12:08:39.000, 
333, 333, 333, 333, 2018-10-05T12:08:39.000, 
333, 333, 333, 333, 2018-10-05T12:08:39.000, 
333, 333, 333, 333, 2018-10-05T12:08:39.000, 
333, 333, 333, 333, 2018-10-05T12:08:39.000, 
333, 333, 333, 333, 2018-10-05T12:08:39.000, 
333, 333, 333, 333, 2018-10-05T12:08:39.000, 
333, 333, 333, 333, 2018-10-05T12:08:39.000, 
333, 333, 333, 333, 2018-10-05T12:08:38.000, 
333, 333, 333, 333, 2018-10-05T12:08:38.000, 
333, 333, 333, 333, 2018-10-05T12:08:38.000, 
333, 333, 333, 333, 2018-10-05T12:08:38.000, 
333, 333, 333, 333, 2018-10-05T12:08:38.000, 
333, 333, 333, 333, 2018-10-05T12:08:38.000, 
333, 333, 333, 333, 2018-10-05T12:08:38.000, 
333, 333, 333, 333, 2018-10-05T12:08:38.000, 
333, 333, 333, 333, 2018-10-05T12:08:38.000, 
333, 333, 333, 333, 2018-10-05T12:08:38.000, 
333, 333, 333, 333, 2018-10-05T12:08:37.000, 
333, 333, 333, 333, 2018-10-05T12:08:37.000, 
333, 333, 333, 333, 2018-10-05T12:08:37.000, 
333, 333, 333, 333, 2018-10-05T12:08:37.000, 
333, 333, 333, 333, 2018-10-05T12:08:37.000, 
333, 333, 333, 333, 2018-10-05T12:08:37.000, 
333, 333, 333, 333, 2018-10-05T12:08:37.000, 
333, 333, 333, 333, 2018-10-05T12:08:37.000, 
333, 333, 333, 333, 2018-10-05T12:08:37.000, 
333, 333, 333, 333, 2018-10-05T12:08:37.000, 
333, 333, 333, 333, 2018-10-05T12:08:36.000, 
333, 333, 333, 333, 2018-10-05T12:08:36.000, 
333, 333, 333, 333, 2018-10-05T12:08:36.000, 
333, 333, 333, 333, 2018-10-05T12:08:36.000, 
333, 333, 333, 333, 2018-10-05T12:08:36.000, 
333, 333, 333, 333, 2018-10-05T12:08:36.000, 
333, 333, 333, 333, 2018-10-05T12:08:36.000, 
333, 333, 333, 333, 2018-10-05T12:08:36.000, 
333, 333, 333, 333, 2018-10-05T12:08:36.000, 
333, 333, 333, 333, 2018-10-05T12:08:35.000, 
333, 333, 333, 333, 2018-10-05T12:08:35.000, 
333, 333, 333, 333, 2018-10-05T12:08:35.000, 
333, 333, 333, 333, 2018-10-05T12:08:35.000, 
333, 333, 333, 333, 2018-10-05T12:08:35.000, 
333, 333, 333, 333, 2018-10-05T12:08:35.000, 
333, 333, 333, 333, 2018-10-05T12:08:35.000, 
333, 333, 333, 333, 2018-10-05T12:08:35.000, 
333, 333, 333, 333, 2018-10-05T12:08:35.000, 
333, 333, 333, 333, 2018-10-05T12:08:35.000, 
333, 333, 333, 333, 2018-10-05T12:08:34.000, 
333, 333, 333, 333, 2018-10-05T12:08:34.000, 
333, 333, 333, 333, 2018-10-05T12:08:34.000, 
333, 333, 333, 333, 2018-10-05T12:08:34.000, 
333, 333, 333, 333, 2018-10-05T12:06:43.000, 
333, 333, 333, 333, 2018-10-05T12:06:43.000, 
333, 333, 333, 333, 2018-10-05T12:06:43.000, 
333, 333, 333, 333, 2018-10-05T12:06:43.000, 
333, 333, 333, 333, 2018-10-05T12:06:43.000, 
333, 333, 333, 333, 2018-10-05T12:06:42.000, 
333, 333, 333, 333, 2018-10-05T12:06:42.000, 
333, 333, 333, 333, 2018-10-05T12:06:42.000, 
333, 333, 333, 333, 2018-10-05T12:06:42.000, 
333, 333, 333, 333, 2018-10-05T12:06:42.000, 
333, 333, 333, 333, 2018-10-05T12:06:42.000, 
333, 333, 333, 333, 2018-10-05T12:06:42.000, 
333, 333, 333, 333, 2018-10-05T12:06:42.000, 
333, 333, 333, 333, 2018-10-05T12:06:42.000, 
333, 333, 333, 333, 2018-10-05T12:06:42.000, 
333, 333, 333, 333, 2018-10-05T12:06:41.000, 
333, 333, 333, 333, 2018-10-05T12:06:41.000, 
333, 333, 333, 333, 2018-10-05T12:06:41.000, 
333, 333, 333, 333, 2018-10-05T12:06:41.000, 
333, 333, 333, 333, 2018-10-05T12:06:41.000, 
333, 333, 333, 333, 2018-10-05T12:06:41.000, 
333, 333, 333, 333, 2018-10-05T12:06:41.000, 
333, 333, 333, 333, 2018-10-05T12:06:41.000, 
333, 333, 333, 333, 2018-10-05T12:06:41.000, 
333, 333, 333, 333, 2018-10-05T12:06:41.000, 
333, 333, 333, 333, 2018-10-05T12:06:40.000, 
333, 333, 333, 333, 2018-10-05T12:06:40.000, 
333, 333, 333, 333, 2018-10-05T12:06:40.000, 
333, 333, 333, 333, 2018-10-05T12:06:40.000, 
333, 333, 333, 333, 2018-10-05T12:06:40.000, 
333, 333, 333, 333, 2018-10-05T12:06:40.000, 
333, 333, 333, 333, 2018-10-05T12:06:40.000, 
333, 333, 333, 333, 2018-10-05T12:06:40.000, 
333, 333, 333, 333, 2018-10-05T12:06:40.000, 
333, 333, 333, 333, 2018-10-05T12:06:39.000, 
333, 333, 333, 333, 2018-10-05T12:06:39.000, 
333, 333, 333, 333, 2018-10-05T12:06:39.000, 
333, 333, 333, 333, 2018-10-05T12:06:39.000, 
333, 333, 333, 333, 2018-10-05T12:06:39.000, 
333, 333, 333, 333, 2018-10-05T12:06:39.000, 
333, 333, 333, 333, 2018-10-05T12:06:39.000, 
333, 333, 333, 333, 2018-10-05T12:06:39.000, 
333, 333, 333, 333, 2018-10-05T12:06:39.000, 
333, 333, 333, 333, 2018-10-05T12:06:39.000, 
333, 333, 333, 333, 2018-10-05T12:06:38.000, 
333, 333, 333, 333, 2018-10-05T12:06:38.000, 
333, 333, 333, 333, 2018-10-05T12:06:38.000, 
333, 333, 333, 333, 2018-10-05T12:06:38.000, 
333, 333, 333, 333, 2018-10-05T12:06:38.000, 
333, 333, 333, 333, 2018-10-05T12:06:38.000, 
333, 333, 333, 333, 2018-10-05T12:06:38.000, 
333, 333, 333, 333, 2018-10-05T12:06:38.000, 
333, 333, 333, 333, 2018-10-05T12:06:38.000, 
333, 333, 333, 333, 2018-10-05T12:06:38.000, 
333, 333, 333, 333, 2018-10-05T12:06:37.000, 
333, 333, 333, 333, 2018-10-05T12:06:37.000, 
333, 333, 333, 333, 2018-10-05T12:06:37.000, 
333, 333, 333, 333, 2018-10-05T12:06:37.000, 
333, 333, 333, 333, 2018-10-05T12:06:37.000, 
333, 333, 333, 333, 2018-10-05T12:06:37.000, 
333, 333, 333, 333, 2018-10-02T13:45:59.000, 
333, 333, 333, 333, 2018-10-02T13:45:49.000, 
333, 333, 333, 333, 2018-10-02T13:45:38.000, 
333, 333, 333, 333, 2018-10-02T13:45:28.000, 
333, 333, 333, 333, 2018-10-02T13:45:18.000, 
333, 333, 333, 333, 2018-10-02T13:33:19.000, 
333, 333, 333, 333, 2018-10-02T13:32:46.000, 
333, 333, 333, 333, 2018-10-02T13:32:36.000, 
333, 333, 333, 333, 2018-10-02T13:32:26.000, 
333, 333, 333, 333, 2018-10-02T13:32:15.000, 
55, 34, 45, 16, 2018-10-01T10:12:10.000, 
50, 41, 51, 18, 2018-10-01T10:12:00.000, 
50, 33, 48, 15, 2018-10-01T10:11:50.000, 
60, 33, 49, 33, 2018-10-01T10:11:40.000, 
52, 33, 52, 27, 2018-10-01T10:11:30.000, 
47, 26, 50, 31, 2018-10-01T10:11:20.000, 
59, 36, 40, 18, 2018-10-01T10:11:10.000, 
64, 26, 48, 23, 2018-10-01T10:11:00.000, 
46, 40, 38, 25, 2018-10-01T10:10:50.000, 
51, 35, 49, 30, 2018-10-01T10:10:40.000, 
62, 44, 46, 23, 2018-10-01T10:10:30.000, 
57, 41, 38, 16, 2018-10-01T10:10:20.000, 
46, 29, 45, 21, 2018-10-01T10:10:09.000, 
61, 34, 49, 34, 2018-10-01T10:09:59.000, 
47, 25, 51, 18, 2018-10-01T10:09:49.000, 
62, 27, 47, 15, 2018-10-01T10:09:39.000, 
58, 33, 44, 21, 2018-10-01T10:09:29.000, 
45, 36, 52, 27, 2018-10-01T10:09:19.000, 
61, 39, 35, 29, 2018-10-01T10:09:09.000, 
59, 31, 49, 27, 2018-10-01T10:08:59.000, 
50, 28, 47, 26, 2018-10-01T10:08:49.000, 
47, 30, 38, 34, 2018-10-01T10:08:39.000, 
59, 42, 45, 31, 2018-10-01T10:08:29.000, 
52, 35, 35, 17, 2018-10-01T10:08:19.000, 
45, 26, 40, 33, 2018-10-01T10:08:08.000, 
51, 39, 45, 25, 2018-10-01T10:07:58.000, 
55, 26, 44, 23, 2018-10-01T10:07:48.000, 
61, 34, 44, 33, 2018-10-01T10:07:38.000, 
63, 27, 39, 27, 2018-10-01T10:07:28.000, 
45, 29, 48, 24, 2018-10-01T10:07:18.000, 
49, 28, 54, 15, 2018-10-01T10:07:08.000, 
56, 35, 37, 21, 2018-10-01T10:06:58.000, 
61, 33, 43, 18, 2018-10-01T10:06:48.000, 
64, 31, 44, 19, 2018-10-01T10:06:38.000, 
52, 28, 50, 27, 2018-10-01T10:06:28.000, 
61, 41, 41, 23, 2018-10-01T10:06:17.000, 
54, 44, 53, 20, 2018-10-01T10:06:07.000, 
45, 36, 36, 26, 2018-10-01T10:05:57.000, 
49, 43, 43, 23, 2018-10-01T10:05:47.000, 
45, 32, 53, 29, 2018-10-01T10:05:37.000, 
62, 38, 41, 19, 2018-10-01T10:05:27.000, 
56, 38, 38, 24, 2018-10-01T10:05:17.000, 
64, 33, 49, 27, 2018-10-01T10:05:07.000, 
59, 41, 42, 27, 2018-10-01T10:04:57.000, 
64, 38, 49, 16, 2018-10-01T10:04:47.000, 
51, 39, 53, 23, 2018-10-01T10:04:37.000, 
63, 41, 35, 34, 2018-10-01T10:04:27.000, 
48, 41, 46, 20, 2018-10-01T10:04:17.000, 
59, 29, 37, 15, 2018-10-01T10:04:06.000, 
49, 28, 35, 18, 2018-10-01T10:03:56.000, 
52, 35, 35, 17, 2018-09-14T15:42:21.000, 
45, 26, 40, 33, 2018-09-14T15:41:51.000, 
51, 39, 45, 25, 2018-09-14T15:41:20.000, 
55, 26, 44, 23, 2018-09-14T15:40:50.000, 
61, 34, 44, 33, 2018-09-14T15:40:20.000, 
63, 27, 39, 27, 2018-09-14T15:39:50.000, 
45, 29, 48, 24, 2018-09-14T15:39:20.000, 
49, 28, 54, 15, 2018-09-14T15:38:50.000, 
56, 35, 37, 21, 2018-09-14T15:38:20.000, 
61, 33, 43, 18, 2018-09-14T15:37:50.000, 
64, 31, 44, 19, 2018-09-14T15:37:20.000, 
52, 28, 50, 27, 2018-09-14T15:36:49.000, 
61, 41, 41, 23, 2018-09-14T15:36:19.000, 
54, 44, 53, 20, 2018-09-14T15:35:49.000, 
45, 36, 36, 26, 2018-09-14T15:35:19.000, 
49, 43, 43, 23, 2018-09-14T15:34:49.000, 
45, 32, 53, 29, 2018-09-14T15:34:19.000, 
62, 38, 41, 19, 2018-09-14T15:33:49.000, 
56, 38, 38, 24, 2018-09-14T15:33:19.000, 
64, 33, 49, 27, 2018-09-14T15:32:49.000, 
59, 41, 42, 27, 2018-09-14T15:32:19.000, 
64, 38, 49, 16, 2018-09-14T15:31:48.000, 
51, 39, 53, 23, 2018-09-14T15:31:18.000, 
63, 41, 35, 34, 2018-09-14T15:30:48.000, 
48, 41, 46, 20, 2018-09-14T15:30:18.000, 
59, 29, 37, 15, 2018-09-14T15:29:48.000, 
49, 28, 35, 18, 2018-09-14T15:29:18.000, 
59, 29, 37, 15, 2018-09-13T22:55:39.000, 
49, 28, 35, 18, 2018-09-13T22:55:09.000, 
60, 40, 50, 30, 2018-09-13T22:06:22.000, 
50, 30, 40, 20, 2018-09-13T22:06:22.000, 
